{
 "cells": [
  {
   "cell_type": "code",
   "execution_count": 45,
   "metadata": {},
   "outputs": [],
   "source": [
    "import numpy as np\n",
    "import matplotlib.pyplot as plt\n",
    "import sys\n",
    "import pandas as pd\n",
    "import math\n",
    "import gurobipy\n",
    "from heapq import nlargest\n",
    "from gurobipy import Model, GRB, quicksum, abs_, and_"
   ]
  },
  {
   "cell_type": "code",
   "execution_count": 65,
   "metadata": {},
   "outputs": [],
   "source": [
    "n = 20\n",
    "D = 3\n",
    "vT = 10\n",
    "vD = 15\n",
    "\n",
    "bound_length = 1000\n",
    "    \n",
    "dRs = np.random.uniform(low = np.sqrt(2)*0.5*bound_length, high = np.sqrt(2)*1.5*bound_length, size = n//2)\n",
    "tRs = (dRs/vD).tolist()\n",
    "\n",
    "xc = np.random.randint(low=0,high=bound_length,size=n+1)\n",
    "#xc = np.linspace(0, np.sqrt(2)*bound_length, n+2, dtype = 'int32').tolist()\n",
    "#xc.pop(-1)\n",
    "yc = xc\n",
    "\n",
    "xc[0] = 0\n",
    "yc[0] = 0\n",
    "\n",
    "#plt.plot(xc[0], yc[0], c='r', marker='s')\n",
    "#plt.scatter(xc[1:], yc[1:], c='b')\n",
    "\n",
    "#sets needed\n",
    "V = [i for i in range(1, n+1)]\n",
    "eV = [i for i in V if i % 2 == 0]\n",
    "oV = [i for i in V if i % 2 == 1]\n",
    "N = [0] + V\n",
    "A = [(i, j) for i in N for j in N if i != j]\n",
    "R = [i for i in range(1,(n//2) + 1)]\n",
    "c = {(i, j): np.hypot(xc[i]-xc[j], yc[i]-yc[j])/vT for i, j in A}\n",
    "tR = {i: tRs[i-1] for i in R}\n",
    "\n",
    "#computed values for better variable bounds\n",
    "M = (np.sqrt(2)*bound_length*2)\n",
    "costs = list(c.values())\n",
    "ckmax = sum(nlargest(n+1, costs))\n",
    "cmax = max(costs)\n",
    "maxdiff = 0\n",
    "for i in N:\n",
    "    for j in N:\n",
    "        diff = costs[i] - costs[j]\n",
    "        if diff > maxdiff:\n",
    "            maxdiff = diff"
   ]
  },
  {
   "cell_type": "code",
   "execution_count": 66,
   "metadata": {},
   "outputs": [],
   "source": [
    "mdl = Model('Truck Problem')\n",
    "\n",
    "#variables needed, most are intermediate helpers lol\n",
    "x = mdl.addVars(A, vtype=GRB.BINARY, name = \"x\")\n",
    "a = mdl.addVars(N, ub = ckmax + sum(tRs), vtype=GRB.CONTINUOUS, name = \"a\")\n",
    "w = mdl.addVars(V, ub = max(maxdiff,max(tRs)), vtype=GRB.CONTINUOUS, name = \"w\")\n",
    "h = mdl.addVars(V, vtype=GRB.BINARY, name = \"h\")\n",
    "b = mdl.addVars(R, lb = -1*(ckmax + sum(tRs)), ub = ckmax + sum(tRs), vtype=GRB.CONTINUOUS, name = \"b\")\n",
    "z = mdl.addVars(R, ub = ckmax + sum(tRs), vtype=GRB.CONTINUOUS, name = \"z\")\n",
    "#d = mdl.addVars(R, ub = max(maxdiff,max(tRs)), vtype=GRB.CONTINUOUS, name = \"d\")\n",
    "e = mdl.addVars(R, vtype=GRB.BINARY, name = \"e\")\n",
    "f = mdl.addVars(V, lb = -1, ub = 1, vtype=GRB.INTEGER, name = \"f\")\n",
    "g = mdl.addVars(V, vtype=GRB.BINARY, name = \"g\")\n",
    "y = mdl.addVars(N, lb = 0, ub = 1*D, vtype=GRB.INTEGER, name = \"y\")\n",
    "#l = mdl.addVar(lb = 0, ub = ckmax + sum(tRs), vtype=GRB.CONTINUOUS, name = \"l\")    \n",
    "mdl.modelSense = GRB.MINIMIZE"
   ]
  },
  {
   "cell_type": "code",
   "execution_count": 67,
   "metadata": {},
   "outputs": [],
   "source": [
    "#objective is sum of truck time costs plus truck waiting times\n",
    "    #mdl.setObjective(l)\n",
    "mdl.setObjective(quicksum(x[i, j]*c[i, j] for i, j in A) + quicksum(w[i] for i in V))\n",
    "\n",
    "#sum of x[i,j]'s  for all fixed values of i is 1 (exactly one outgoing edge from every node)\n",
    "mdl.addConstrs(quicksum(x[i, j] for j in N if j != i) == 1 for i in N)\n",
    "\n",
    "#sum of x[i,j]'s  for all fixed values of j is 1 (exactly one incoming edge from every node)\n",
    "mdl.addConstrs(quicksum(x[i, j] for i in N if i != j) == 1 for j in N)\n",
    "\n",
    "#set l to be the cost of the entire tour (last d[i] + cost of node i to node 0).\n",
    "#mdl.addConstrs((x[i, 0] == 1) >> (l == a[i]+c[i,0]) for i in V)\n",
    "#mdl.addConstr(l == max_(a[i] for i in N))\n",
    "\n",
    "#set arrival time at node 0 to be 0\n",
    "a[0].ub = 0.0\n",
    "\n",
    "#if edge (i,j) is in solution, then a[j] = a[i] + c[i,j] + w[j] (waiting time at node j)\n",
    "#also functions as Miller-Tucker-Zemlin constraint since it prevents subcycles\n",
    "mdl.addConstrs((x[i, j] == 1) >> (a[i]+c[i,j]+w[j] == a[j]) for i, j in A if j != 0)\n",
    "\n",
    "#b[i] = a[2i] - a[2i-1] (truck travel time between route endpoints), is a helper\n",
    "mdl.addConstrs(b[i] == a[2*i] - a[(2*i)-1] for i in R)\n",
    "\n",
    "#z[i] = |b[i]|, is another helper variable\n",
    "for i in R:\n",
    "    mdl.addGenConstrAbs(z[i],b[i])\n",
    "\n",
    "#if z[i] <= tR[i] then e[i] = 1\n",
    "#mdl.addConstrs(tR[i] - z[i] <= (M/vD)*e[i] for i in R)\n",
    "#if e[i] = 1 then z[i] <= tR[i], completes the iff statement\n",
    "#means e[i] = 1 when truck travel time is less than drone travel time\n",
    "#means e[i] = 0 when truck travel time is greater than drone travel time\n",
    "mdl.addConstrs((e[i] == 1) >> (z[i] <= tR[i]) for i in R)\n",
    "mdl.addConstrs((e[i] == 0) >> (z[i] >= tR[i]) for i in R)\n",
    "\n",
    "#if a[j] < a[j-1] then g[j] = 0, otherwise g[j] = 1 for even j\n",
    "#g[j] = 0 means starting new route, otherwise completing route\n",
    "#mdl.addConstrs(a[j-1] - a[j] <= (M/vT)*g[j] for j in eV)\n",
    "mdl.addConstrs((g[j] == 0) >> (a[j] <= a[j-1]) for j in eV)\n",
    "mdl.addConstrs((g[j] == 1) >> (a[j] >= a[j-1]) for j in eV)\n",
    "\n",
    "#if a[j] > a[j-1] then g[j] = 0, otherwise g[j] = 1 for odd j\n",
    "#g[j] = 0 means starting new route, otherwise completing route\n",
    "#mdl.addConstrs(a[j+1] - a[j] <= (M/vT)*g[j] for j in oV)\n",
    "mdl.addConstrs((g[j] == 0) >> (a[j] <= a[j+1]) for j in oV)\n",
    "mdl.addConstrs((g[j] == 1) >> (a[j] >= a[j+1]) for j in oV)\n",
    "\n",
    "#if g[j] = 0 (ending pending route) and \n",
    "#e[j/2] = 1 (even j), or e[(j+1)/2] = 1 (odd j),\n",
    "#which means (truck time < drone time),\n",
    "#then w[j] = tR[j/2] - z[j/2] for even j\n",
    "#then w[j] = tR[(j+1)/2] - z[(j+1)/2 + 1] for odd j\n",
    "#otherwise w[j] = 0\n",
    "\n",
    "#h[i] is 1 when both are true, false otherwise\n",
    "mdl.addConstrs(h[i] == and_(g[i], e[i/2]) for i in eV)\n",
    "mdl.addConstrs(h[i] == and_(g[i], e[(i+1)/2]) for i in oV)\n",
    "\n",
    "#if h[i] = 0, then w[i] = 0\n",
    "#else, when h[i] = 1, then w[i] = drone time - truck time\n",
    "mdl.addConstrs((h[i] == 0) >> (w[i] == 0) for i in eV)\n",
    "mdl.addConstrs((h[i] == 0) >> (w[i] == 0) for i in oV)\n",
    "mdl.addConstrs((h[i] == 1) >> (w[i] == tR[i/2] - z[i/2]) for i in eV)\n",
    "mdl.addConstrs((h[i] == 1) >> (w[i] == tR[(i+1)/2] - z[(i+1)/2]) for i in oV)\n",
    "\n",
    "#if g[j] = 0, then f[j] = -1 since we are starting a new route, so capacity decreases\n",
    "mdl.addConstrs((g[j] == 0) >> (f[j] == -1) for j in V)\n",
    "#if g[j] = 1, then f[j] = 1 since we are completing old route, so capacity increases\n",
    "mdl.addConstrs((g[j] == 1) >> (f[j] == 1) for j in V)\n",
    "\n",
    "#if edge (i,j) is in solution, then capacity y[j] = y[i] + f[j]\n",
    "mdl.addConstrs((x[i, j] == 1) >> (y[i]+f[j] == y[j]) for i, j in A if j != 0)\n",
    "\n",
    "#0 <= y[j] <= D (# of drones) for all j\n",
    "mdl.addConstrs(y[j] >= 0 for j in V)\n",
    "mdl.addConstrs(y[j] <= D for j in V)\n",
    "\n",
    "#set drone availability at node 0 (depot) to be D\n",
    "y[0].lb = D\n",
    "y[0].ub = D"
   ]
  },
  {
   "cell_type": "code",
   "execution_count": 68,
   "metadata": {},
   "outputs": [
    {
     "name": "stdout",
     "output_type": "stream",
     "text": [
      "Changed value of parameter MIPGap to 0.05\n",
      "   Prev: 0.0001  Min: 0.0  Max: inf  Default: 0.0001\n",
      "Changed value of parameter Method to 5\n",
      "   Prev: -1  Min: -1  Max: 5  Default: -1\n",
      "Changed value of parameter TimeLimit to 60.0\n",
      "   Prev: inf  Min: 0.0  Max: inf  Default: inf\n",
      "Changed value of parameter MIPFocus to 1\n",
      "   Prev: 0  Min: 0  Max: 3  Default: 0\n"
     ]
    }
   ],
   "source": [
    "mdl.Params.MIPGap = 0.05\n",
    "mdl.params.Method = 5\n",
    "mdl.Params.TimeLimit = 60  # seconds\n",
    "#mdl.params.ImproveStartTime = 10 #seconds\n",
    "#mdl.params.ImproveStartNodes = 1 #nodes\n",
    "mdl.params.MIPFocus = 1"
   ]
  },
  {
   "cell_type": "code",
   "execution_count": 69,
   "metadata": {},
   "outputs": [
    {
     "name": "stdout",
     "output_type": "stream",
     "text": [
      "Gurobi Optimizer version 9.0.2 build v9.0.2rc0 (mac64)\n",
      "Optimize a model with 92 rows, 572 columns and 910 nonzeros\n",
      "Model fingerprint: 0xac748fca\n",
      "Model has 970 general constraints\n",
      "Variable types: 61 continuous, 511 integer (470 binary)\n",
      "Coefficient statistics:\n",
      "  Matrix range     [1e+00, 1e+00]\n",
      "  Objective range  [7e-01, 1e+02]\n",
      "  Bounds range     [1e+00, 4e+03]\n",
      "  RHS range        [1e+00, 3e+00]\n",
      "Presolve added 1350 rows and 438 columns\n",
      "Presolve time: 0.06s\n",
      "Presolved: 1442 rows, 1010 columns, 6830 nonzeros\n",
      "Presolved model has 440 SOS constraint(s)\n",
      "Variable types: 500 continuous, 510 integer (490 binary)\n",
      "\n",
      "Deterministic concurrent LP optimizer: primal and dual simplex\n",
      "Showing first log only...\n",
      "\n",
      "Concurrent spin time: 0.00s\n",
      "\n",
      "Solved with dual simplex\n",
      "\n",
      "Root relaxation: objective 1.015405e+02, 49 iterations, 0.01 seconds\n",
      "\n",
      "    Nodes    |    Current Node    |     Objective Bounds      |     Work\n",
      " Expl Unexpl |  Obj  Depth IntInf | Incumbent    BestBd   Gap | It/Node Time\n",
      "\n",
      "     0     0  101.54053    0   55          -  101.54053      -     -    0s\n",
      "     0     0  101.54053    0   73          -  101.54053      -     -    0s\n",
      "     0     0  101.54053    0   73          -  101.54053      -     -    0s\n",
      "     0     0  101.54053    0   52          -  101.54053      -     -    0s\n",
      "     0     0  101.54053    0   61          -  101.54053      -     -    0s\n",
      "     0     0  101.54053    0   66          -  101.54053      -     -    0s\n",
      "     0     0  101.54053    0   66          -  101.54053      -     -    0s\n",
      "     0     0  101.54053    0   54          -  101.54053      -     -    0s\n",
      "     0     0  101.54053    0   64          -  101.54053      -     -    0s\n",
      "     0     0  101.54053    0   63          -  101.54053      -     -    0s\n",
      "     0     2  101.54053    0   53          -  101.54053      -     -    1s\n",
      " 13941 10767  131.16831   35   56          -  101.54053      -   5.4    5s\n",
      " 38848 30447  177.05954   38   37          -  102.88404      -   5.8   10s\n",
      " 62784 48597  133.43105   38   31          -  103.27295      -   6.0   15s\n",
      " 87181 67096  131.41580   36   54          -  104.93465      -   6.1   20s\n",
      " 109168 84369  140.85567   41   22          -  106.73777      -   6.1   25s\n",
      " 133162 103233  112.28856   31   55          -  107.33881      -   6.1   30s\n",
      " 157118 121001  338.27988   69   27          -  107.85735      -   6.2   35s\n",
      " 179016 138258  219.69808   54   27          -  107.90449      -   6.2   40s\n",
      " 201324 154888  215.24330   62   32          -  109.00051      -   6.2   45s\n",
      " 222839 171753  817.25939   79   22          -  109.87261      -   6.2   50s\n",
      " 245368 188569  165.18014   46   59          -  111.05112      -   6.3   55s\n",
      " 268528 206017  175.00893   59   53          -  111.61681      -   6.3   60s\n",
      "\n",
      "Cutting planes:\n",
      "  Learned: 2\n",
      "  Gomory: 3\n",
      "  Implied bound: 13\n",
      "  MIR: 8\n",
      "  Flow cover: 47\n",
      "  Zero half: 5\n",
      "  Mod-K: 1\n",
      "  Relax-and-lift: 6\n",
      "\n",
      "Explored 269169 nodes (1694106 simplex iterations) in 60.05 seconds\n",
      "Thread count was 8 (of 8 available processors)\n",
      "\n",
      "Solution count 0\n",
      "\n",
      "Time limit reached\n",
      "Best objective -, best bound 1.116168054103e+02, gap -\n",
      "\n",
      "VARIABLE MEANINGS:\n",
      "x[i,j] is presence of edge in solution\n",
      "a[i] is DEPARTURE time at node i\n",
      "w[i] is waiting time at node i\n",
      "h[i] is 1 if node i is collection node and if truck time < drone time\n",
      "b[i] is signed truck travel time between endpoints of route i\n",
      "z[i] is absolute truck travel time between endpoints of route i\n",
      "e[i] is 1 if truck travel time z[i] on route i is less than drone travel time on route i, 0 otherwise\n",
      "d[i] equals z[i] if e[i] is 1, tR[i] otherwise\n",
      "f[i] equals -1 if starting new route at node i, 1 if completing old route at node i\n",
      "g[i] equals 0 if truck arrives at node i before other endpoint of route, 1 otherwise.\n",
      "y[i] is the number of available vehicles after node i\n",
      "--------\n",
      "\n",
      "coords: 0 840 231 990 897 324 518 13 776 172 334 366 77 267 881 257 948 629 840 624 564 \n",
      "\n",
      "drone route times: {1: 94.05038155117026, 2: 89.90663722479918, 3: 97.68083433724638, 4: 113.94162889383185, 5: 130.66602009754183, 6: 112.00556833019628, 7: 70.42743046552212, 8: 127.07278252823903, 9: 65.28487735530048, 10: 127.97819558274682} \n",
      "\n",
      "0 118.79393923933999 32.668333290818495 140.0071426749364 126.85495654486662 45.82051942088828 73.25626253092632 1.8384776310850235 109.74297244015217 24.324473272817237 47.234732983261374 51.760216382855276 10.889444430272832 37.759502115361634 124.59221484506968 36.34528855298854 134.0674457129694 88.95403307326768 118.79393923933999 88.24692629208113 79.76164491784256\n",
      "118.79393923933999 0 86.1256059485215 21.213203435596427 8.061017305526642 72.9734198184517 45.537676708413656 116.95546160825495 9.050966799187808 94.46946596652275 71.55920625607861 67.0337228564847 107.90449480906716 81.03443712397834 5.79827560572969 82.44865068635144 15.273506473629428 29.839906166072307 0.0 30.547012947258857 39.032294321497425\n",
      "32.668333290818495 86.1256059485215 0 107.33880938411792 94.18662325404813 13.152186130069785 40.587929240107826 30.82985565973347 77.07463914933368 8.343860018001262 14.56639969244288 19.091883092036785 21.778888860545663 5.091168824543142 91.92388155425118 3.676955262170047 101.39911242215092 56.285699782449186 86.1256059485215 55.57859300126264 47.093311627024065\n",
      "140.0071426749364 21.213203435596427 107.33880938411792 0 13.152186130069785 94.18662325404813 66.7508801440101 138.16866504385138 30.264170234784235 115.68266940211917 92.77240969167504 88.24692629208113 129.1176982446636 102.24764055957476 15.414927829866736 103.66185412194787 5.939696961966999 51.05310960166873 21.213203435596427 51.760216382855276 60.245497757093844\n",
      "126.85495654486662 8.061017305526642 94.18662325404813 13.152186130069785 0 81.03443712397834 53.5986940139403 125.01647891378161 17.11198410471445 102.5304832720494 79.62022356160524 75.09474016201135 115.96551211459379 89.095454429505 2.262741699796952 90.50966799187809 7.212489168102785 37.900923471598944 8.061017305526642 38.6080302527855 47.093311627024065\n",
      "45.82051942088828 72.9734198184517 13.152186130069785 94.18662325404813 81.03443712397834 0 27.435743110038043 43.98204178980326 63.9224530192639 21.496046148071045 1.4142135623730951 5.939696961966999 34.93107499061544 8.061017305526642 78.77169542418139 9.475230867899736 88.24692629208113 43.1335136523794 72.9734198184517 42.42640687119285 33.941125496954285\n",
      "73.25626253092632 45.537676708413656 40.587929240107826 66.7508801440101 53.5986940139403 27.435743110038043 0 71.4177848998413 36.48670990922585 48.931789258109085 26.021529547664947 21.496046148071045 62.3668181006535 35.49676041556469 51.335952314143356 36.910973977937786 60.81118318204309 15.697770542341354 45.537676708413656 14.990663761154806 6.505382386916237\n",
      "1.8384776310850235 116.95546160825495 30.82985565973347 138.16866504385138 125.01647891378161 43.98204178980326 71.4177848998413 0 107.90449480906716 22.48599564173221 45.396255352176354 49.921738751770256 9.050966799187808 35.921024484276614 122.75373721398464 34.50681092190352 132.22896808188437 87.11555544218265 116.95546160825495 86.40844866099611 77.92316728675755\n",
      "109.74297244015217 9.050966799187808 77.07463914933368 30.264170234784235 17.11198410471445 63.9224530192639 36.48670990922585 107.90449480906716 0 85.41849916733494 62.508239456890806 57.982756057296896 98.85352800987934 71.98347032479055 14.849242404917499 73.39768388716364 24.324473272817237 20.7889393668845 9.050966799187808 21.496046148071045 29.981327522309613\n",
      "24.324473272817237 94.46946596652275 8.343860018001262 115.68266940211917 102.5304832720494 21.496046148071045 48.931789258109085 22.48599564173221 85.41849916733494 0 22.91025971044414 27.435743110038043 13.435028842544403 13.435028842544403 100.26774157225245 12.020815280171309 109.74297244015217 64.62955980045044 94.46946596652275 63.9224530192639 55.43717164502533\n",
      "47.234732983261374 71.55920625607861 14.56639969244288 92.77240969167504 79.62022356160524 1.4142135623730951 26.021529547664947 45.396255352176354 62.508239456890806 22.91025971044414 0 4.525483399593904 36.34528855298854 9.475230867899736 77.3574818618083 10.889444430272832 86.83271272970804 41.71930009000631 71.55920625607861 41.01219330881976 32.526911934581186\n",
      "51.760216382855276 67.0337228564847 19.091883092036785 88.24692629208113 75.09474016201135 5.939696961966999 21.496046148071045 49.921738751770256 57.982756057296896 27.435743110038043 4.525483399593904 0 40.870771952582444 14.00071426749364 72.83199846221439 15.414927829866736 82.30722933011414 37.1938166904124 67.0337228564847 36.48670990922585 28.00142853498728\n",
      "10.889444430272832 107.90449480906716 21.778888860545663 129.1176982446636 115.96551211459379 34.93107499061544 62.3668181006535 9.050966799187808 98.85352800987934 13.435028842544403 36.34528855298854 40.870771952582444 0 26.870057685088806 113.70277041479684 25.45584412271571 123.17800128269657 78.06458864299485 107.90449480906716 77.3574818618083 68.87220048756973\n",
      "37.759502115361634 81.03443712397834 5.091168824543142 102.24764055957476 89.095454429505 8.061017305526642 35.49676041556469 35.921024484276614 71.98347032479055 13.435028842544403 9.475230867899736 14.00071426749364 26.870057685088806 0 86.83271272970804 1.4142135623730951 96.30794359760777 51.19453095790604 81.03443712397834 50.48742417671949 42.00214280248092\n",
      "124.59221484506968 5.79827560572969 91.92388155425118 15.414927829866736 2.262741699796952 78.77169542418139 51.335952314143356 122.75373721398464 14.849242404917499 100.26774157225245 77.3574818618083 72.83199846221439 113.70277041479684 86.83271272970804 0 88.24692629208113 9.475230867899736 35.638181771801996 5.79827560572969 36.34528855298854 44.83056992722711\n",
      "36.34528855298854 82.44865068635144 3.676955262170047 103.66185412194787 90.50966799187809 9.475230867899736 36.910973977937786 34.50681092190352 73.39768388716364 12.020815280171309 10.889444430272832 15.414927829866736 25.45584412271571 1.4142135623730951 88.24692629208113 0 97.72215715998087 52.60874452027914 82.44865068635144 51.901637739092585 43.41635636485402\n",
      "134.0674457129694 15.273506473629428 101.39911242215092 5.939696961966999 7.212489168102785 88.24692629208113 60.81118318204309 132.22896808188437 24.324473272817237 109.74297244015217 86.83271272970804 82.30722933011414 123.17800128269657 96.30794359760777 9.475230867899736 97.72215715998087 0 45.113412639701735 15.273506473629428 45.82051942088828 54.30580079512684\n",
      "88.95403307326768 29.839906166072307 56.285699782449186 51.05310960166873 37.900923471598944 43.1335136523794 15.697770542341354 87.11555544218265 20.7889393668845 64.62955980045044 41.71930009000631 37.1938166904124 78.06458864299485 51.19453095790604 35.638181771801996 52.60874452027914 45.113412639701735 0 29.839906166072307 0.7071067811865476 9.192388155425117\n",
      "118.79393923933999 0.0 86.1256059485215 21.213203435596427 8.061017305526642 72.9734198184517 45.537676708413656 116.95546160825495 9.050966799187808 94.46946596652275 71.55920625607861 67.0337228564847 107.90449480906716 81.03443712397834 5.79827560572969 82.44865068635144 15.273506473629428 29.839906166072307 0 30.547012947258857 39.032294321497425\n",
      "88.24692629208113 30.547012947258857 55.57859300126264 51.760216382855276 38.6080302527855 42.42640687119285 14.990663761154806 86.40844866099611 21.496046148071045 63.9224530192639 41.01219330881976 36.48670990922585 77.3574818618083 50.48742417671949 36.34528855298854 51.901637739092585 45.82051942088828 0.7071067811865476 30.547012947258857 0 8.485281374238571\n",
      "79.76164491784256 39.032294321497425 47.093311627024065 60.245497757093844 47.093311627024065 33.941125496954285 6.505382386916237 77.92316728675755 29.981327522309613 55.43717164502533 32.526911934581186 28.00142853498728 68.87220048756973 42.00214280248092 44.83056992722711 43.41635636485402 54.30580079512684 9.192388155425117 39.032294321497425 8.485281374238571 0\n"
     ]
    },
    {
     "ename": "AttributeError",
     "evalue": "Unable to retrieve attribute 'x'",
     "output_type": "error",
     "traceback": [
      "\u001b[0;31m---------------------------------------------------------------------------\u001b[0m",
      "\u001b[0;31mAttributeError\u001b[0m                            Traceback (most recent call last)",
      "\u001b[0;32m<ipython-input-69-741efc7ec261>\u001b[0m in \u001b[0;36m<module>\u001b[0;34m\u001b[0m\n\u001b[1;32m     35\u001b[0m \u001b[0;32mfor\u001b[0m \u001b[0mv\u001b[0m \u001b[0;32min\u001b[0m \u001b[0mmdl\u001b[0m\u001b[0;34m.\u001b[0m\u001b[0mgetVars\u001b[0m\u001b[0;34m(\u001b[0m\u001b[0;34m)\u001b[0m\u001b[0;34m:\u001b[0m\u001b[0;34m\u001b[0m\u001b[0;34m\u001b[0m\u001b[0m\n\u001b[1;32m     36\u001b[0m     \u001b[0;32mif\u001b[0m\u001b[0;34m(\u001b[0m\u001b[0;32mnot\u001b[0m\u001b[0;34m(\u001b[0m\u001b[0;34m\"x\"\u001b[0m \u001b[0;32min\u001b[0m \u001b[0mv\u001b[0m\u001b[0;34m.\u001b[0m\u001b[0mvarName\u001b[0m\u001b[0;34m)\u001b[0m\u001b[0;34m)\u001b[0m\u001b[0;34m:\u001b[0m\u001b[0;34m\u001b[0m\u001b[0;34m\u001b[0m\u001b[0m\n\u001b[0;32m---> 37\u001b[0;31m         \u001b[0mprint\u001b[0m\u001b[0;34m(\u001b[0m\u001b[0;34m'%s %g'\u001b[0m \u001b[0;34m%\u001b[0m \u001b[0;34m(\u001b[0m\u001b[0mv\u001b[0m\u001b[0;34m.\u001b[0m\u001b[0mvarName\u001b[0m\u001b[0;34m,\u001b[0m \u001b[0mv\u001b[0m\u001b[0;34m.\u001b[0m\u001b[0mx\u001b[0m\u001b[0;34m)\u001b[0m\u001b[0;34m)\u001b[0m\u001b[0;34m\u001b[0m\u001b[0;34m\u001b[0m\u001b[0m\n\u001b[0m\u001b[1;32m     38\u001b[0m \u001b[0;34m\u001b[0m\u001b[0m\n\u001b[1;32m     39\u001b[0m \u001b[0mactive_arcs\u001b[0m \u001b[0;34m=\u001b[0m \u001b[0;34m[\u001b[0m\u001b[0ma\u001b[0m \u001b[0;32mfor\u001b[0m \u001b[0ma\u001b[0m \u001b[0;32min\u001b[0m \u001b[0mA\u001b[0m \u001b[0;32mif\u001b[0m \u001b[0mx\u001b[0m\u001b[0;34m[\u001b[0m\u001b[0ma\u001b[0m\u001b[0;34m]\u001b[0m\u001b[0;34m.\u001b[0m\u001b[0mx\u001b[0m \u001b[0;34m>\u001b[0m \u001b[0;36m0.98\u001b[0m\u001b[0;34m]\u001b[0m\u001b[0;34m\u001b[0m\u001b[0;34m\u001b[0m\u001b[0m\n",
      "\u001b[0;32mvar.pxi\u001b[0m in \u001b[0;36mgurobipy.Var.__getattr__\u001b[0;34m()\u001b[0m\n",
      "\u001b[0;32mvar.pxi\u001b[0m in \u001b[0;36mgurobipy.Var.getAttr\u001b[0;34m()\u001b[0m\n",
      "\u001b[0;32mattrutil.pxi\u001b[0m in \u001b[0;36mgurobipy.__getattr\u001b[0;34m()\u001b[0m\n",
      "\u001b[0;31mAttributeError\u001b[0m: Unable to retrieve attribute 'x'"
     ]
    }
   ],
   "source": [
    "mdl.optimize()\n",
    "    \n",
    "print(\"\\nVARIABLE MEANINGS:\")\n",
    "print(\"x[i,j] is presence of edge in solution\")\n",
    "print(\"a[i] is DEPARTURE time at node i\")\n",
    "print(\"w[i] is waiting time at node i\")\n",
    "print(\"h[i] is 1 if node i is collection node and if truck time < drone time\")\n",
    "print(\"b[i] is signed truck travel time between endpoints of route i\")\n",
    "print(\"z[i] is absolute truck travel time between endpoints of route i\")\n",
    "print(\"e[i] is 1 if truck travel time z[i] on route i is less than drone travel time on route i, 0 otherwise\")\n",
    "print(\"d[i] equals z[i] if e[i] is 1, tR[i] otherwise\")\n",
    "print(\"f[i] equals -1 if starting new route at node i, 1 if completing old route at node i\")\n",
    "print(\"g[i] equals 0 if truck arrives at node i before other endpoint of route, 1 otherwise.\")\n",
    "print(\"y[i] is the number of available vehicles after node i\")\n",
    "\n",
    "print(\"--------\\n\")\n",
    "print(\"coords:\", *xc, \"\\n\")\n",
    "print(\"drone route times:\", tR, \"\\n\")\n",
    "#print(c)\n",
    "\n",
    "for i in range(0, n+1):\n",
    "    for j in range(0, n+1):\n",
    "        if(j != n):\n",
    "            if(i != j):\n",
    "                print(c[i,j], end = ' ')\n",
    "            else:\n",
    "                print(0, end = ' ')\n",
    "        else:\n",
    "            if(i != j):\n",
    "                print(c[i,j])\n",
    "            else:\n",
    "                print(0)\n",
    "\n",
    "\n",
    "for v in mdl.getVars():\n",
    "    if(not(\"x\" in v.varName)):\n",
    "        print('%s %g' % (v.varName, v.x))\n",
    "\n",
    "active_arcs = [a for a in A if x[a].x > 0.98]\n",
    "\n",
    "active_arcs = sorted(active_arcs, key=lambda x: x[0])\n",
    "\n",
    "print(active_arcs)\n",
    "\n",
    "visit_order = []\n",
    "route = \"0 -> \"\n",
    "i = 0\n",
    "curr = 0\n",
    "while i < n:\n",
    "    curr = active_arcs[curr][1]\n",
    "    if(curr != 0):\n",
    "        visit_order.append(curr)\n",
    "    route = route + str(curr) + \" -> \"\n",
    "    i += 1\n",
    "route = route + \"0\"\n",
    "\n",
    "print(route)\n",
    "\n",
    "for i in R:\n",
    "    e1 = xc[(2*i)-1]\n",
    "    e2 = xc[(2*i)]\n",
    "    c1x = e1 + (30*i)\n",
    "    c1y = e1 - (30*i)\n",
    "    c2x = e2 + (30*i)\n",
    "    c2y = e2 - (30*i)\n",
    "    plt.plot([e1, c1x], [e1, c1y], c='b', zorder=0)\n",
    "    plt.plot([c1x, c2x], [c1y, c2y], c='b', zorder=0)\n",
    "    plt.plot([c2x, e2], [c2y, e2], c='b', zorder=0)\n",
    "\n",
    "for i, j in active_arcs:\n",
    "    plt.plot([xc[i], xc[j]], [yc[i], yc[j]], c='y', zorder=0)\n",
    "    plt.plot(xc[0], yc[0], c='r', marker='s')\n",
    "    plt.scatter(xc[1:], yc[1:], c = 'w', linewidth = 7)\n",
    "\n",
    "for i in range(len(visit_order)):\n",
    "    dex = visit_order[i]\n",
    "    plt.text(xc[dex],yc[dex],i+1, ha=\"center\", va=\"center\")"
   ]
  },
  {
   "cell_type": "code",
   "execution_count": 12,
   "metadata": {},
   "outputs": [
    {
     "data": {
      "text/plain": [
       "<module 'matplotlib.pyplot' from '/Users/saaketh/.pyenv/versions/3.7.3/lib/python3.7/site-packages/matplotlib/pyplot.py'>"
      ]
     },
     "execution_count": 12,
     "metadata": {},
     "output_type": "execute_result"
    }
   ],
   "source": []
  },
  {
   "cell_type": "code",
   "execution_count": null,
   "metadata": {},
   "outputs": [],
   "source": []
  }
 ],
 "metadata": {
  "kernelspec": {
   "display_name": "Python 3",
   "language": "python",
   "name": "python3"
  },
  "language_info": {
   "codemirror_mode": {
    "name": "ipython",
    "version": 3
   },
   "file_extension": ".py",
   "mimetype": "text/x-python",
   "name": "python",
   "nbconvert_exporter": "python",
   "pygments_lexer": "ipython3",
   "version": "3.7.3"
  }
 },
 "nbformat": 4,
 "nbformat_minor": 4
}
