{
 "cells": [
  {
   "cell_type": "code",
   "execution_count": 45,
   "metadata": {},
   "outputs": [],
   "source": [
    "import numpy as np\n",
    "import matplotlib.pyplot as plt\n",
    "import sys\n",
    "import pandas as pd\n",
    "import math\n",
    "import gurobipy\n",
    "from heapq import nlargest\n",
    "from gurobipy import Model, GRB, quicksum, abs_, and_"
   ]
  },
  {
   "cell_type": "code",
   "execution_count": 56,
   "metadata": {},
   "outputs": [],
   "source": [
    "n = 20\n",
    "D = 3\n",
    "vT = 10\n",
    "vD = 15\n",
    "\n",
    "bound_length = 1000\n",
    "    \n",
    "dRs = np.random.uniform(low = np.sqrt(2)*0.5*bound_length, high = np.sqrt(2)*1.5*bound_length, size = n//2)\n",
    "tRs = (dRs/vD).tolist()\n",
    "\n",
    "xc = np.random.randint(low=0,high=bound_length,size=n+1)\n",
    "#xc = np.linspace(0, np.sqrt(2)*bound_length, n+2, dtype = 'int32').tolist()\n",
    "#xc.pop(-1)\n",
    "yc = xc\n",
    "\n",
    "xc[0] = 0\n",
    "yc[0] = 0\n",
    "\n",
    "#plt.plot(xc[0], yc[0], c='r', marker='s')\n",
    "#plt.scatter(xc[1:], yc[1:], c='b')\n",
    "\n",
    "#sets needed\n",
    "V = [i for i in range(1, n+1)]\n",
    "eV = [i for i in V if i % 2 == 0]\n",
    "oV = [i for i in V if i % 2 == 1]\n",
    "N = [0] + V\n",
    "A = [(i, j) for i in N for j in N if i != j]\n",
    "R = [i for i in range(1,(n//2) + 1)]\n",
    "c = {(i, j): np.hypot(xc[i]-xc[j], yc[i]-yc[j])/vT for i, j in A}\n",
    "tR = {i: tRs[i-1] for i in R}\n",
    "\n",
    "#computed values for better variable bounds\n",
    "M = (np.sqrt(2)*bound_length*2)\n",
    "costs = list(c.values())\n",
    "ckmax = sum(nlargest(n+1, costs))\n",
    "cmax = max(costs)\n",
    "maxdiff = 0\n",
    "for i in N:\n",
    "    for j in N:\n",
    "        diff = costs[i] - costs[j]\n",
    "        if diff > maxdiff:\n",
    "            maxdiff = diff"
   ]
  },
  {
   "cell_type": "code",
   "execution_count": 57,
   "metadata": {},
   "outputs": [],
   "source": [
    "mdl = Model('Truck Problem')\n",
    "\n",
    "#variables needed, most are intermediate helpers lol\n",
    "x = mdl.addVars(A, vtype=GRB.BINARY, name = \"x\")\n",
    "a = mdl.addVars(N, ub = ckmax + sum(tRs), vtype=GRB.CONTINUOUS, name = \"a\")\n",
    "w = mdl.addVars(V, ub = max(maxdiff,max(tRs)), vtype=GRB.CONTINUOUS, name = \"w\")\n",
    "h = mdl.addVars(V, vtype=GRB.BINARY, name = \"h\")\n",
    "b = mdl.addVars(R, lb = -1*(ckmax + sum(tRs)), ub = ckmax + sum(tRs), vtype=GRB.CONTINUOUS, name = \"b\")\n",
    "z = mdl.addVars(R, ub = ckmax + sum(tRs), vtype=GRB.CONTINUOUS, name = \"z\")\n",
    "#d = mdl.addVars(R, ub = max(maxdiff,max(tRs)), vtype=GRB.CONTINUOUS, name = \"d\")\n",
    "e = mdl.addVars(R, vtype=GRB.BINARY, name = \"e\")\n",
    "f = mdl.addVars(V, lb = -1, ub = 1, vtype=GRB.INTEGER, name = \"f\")\n",
    "g = mdl.addVars(V, vtype=GRB.BINARY, name = \"g\")\n",
    "y = mdl.addVars(N, lb = 0, ub = 1*D, vtype=GRB.INTEGER, name = \"y\")\n",
    "#l = mdl.addVar(lb = 0, ub = ckmax + sum(tRs), vtype=GRB.CONTINUOUS, name = \"l\")    \n",
    "mdl.modelSense = GRB.MINIMIZE"
   ]
  },
  {
   "cell_type": "code",
   "execution_count": 58,
   "metadata": {},
   "outputs": [],
   "source": [
    "#objective is sum of truck time costs plus truck waiting times\n",
    "    #mdl.setObjective(l)\n",
    "mdl.setObjective(quicksum(x[i, j]*c[i, j] for i, j in A) + quicksum(w[i] for i in V))\n",
    "\n",
    "#sum of x[i,j]'s  for all fixed values of i is 1 (exactly one outgoing edge from every node)\n",
    "mdl.addConstrs(quicksum(x[i, j] for j in N if j != i) == 1 for i in N)\n",
    "\n",
    "#sum of x[i,j]'s  for all fixed values of j is 1 (exactly one incoming edge from every node)\n",
    "mdl.addConstrs(quicksum(x[i, j] for i in N if i != j) == 1 for j in N)\n",
    "\n",
    "#set l to be the cost of the entire tour (last d[i] + cost of node i to node 0).\n",
    "#mdl.addConstrs((x[i, 0] == 1) >> (l == a[i]+c[i,0]) for i in V)\n",
    "#mdl.addConstr(l == max_(a[i] for i in N))\n",
    "\n",
    "#set arrival time at node 0 to be 0\n",
    "a[0].ub = 0.0\n",
    "\n",
    "#if edge (i,j) is in solution, then a[j] = a[i] + c[i,j] + w[j] (waiting time at node j)\n",
    "#also functions as Miller-Tucker-Zemlin constraint since it prevents subcycles\n",
    "mdl.addConstrs((x[i, j] == 1) >> (a[i]+c[i,j]+w[j] == a[j]) for i, j in A if j != 0)\n",
    "\n",
    "#b[i] = a[2i] - a[2i-1] (truck travel time between route endpoints), is a helper\n",
    "mdl.addConstrs(b[i] == a[2*i] - a[(2*i)-1] for i in R)\n",
    "\n",
    "#z[i] = |b[i]|, is another helper variable\n",
    "for i in R:\n",
    "    mdl.addGenConstrAbs(z[i],b[i])\n",
    "\n",
    "#if z[i] <= tR[i] then e[i] = 1\n",
    "#mdl.addConstrs(tR[i] - z[i] <= (M/vD)*e[i] for i in R)\n",
    "#if e[i] = 1 then z[i] <= tR[i], completes the iff statement\n",
    "#means e[i] = 1 when truck travel time is less than drone travel time\n",
    "#means e[i] = 0 when truck travel time is greater than drone travel time\n",
    "mdl.addConstrs((e[i] == 1) >> (z[i] <= tR[i]) for i in R)\n",
    "mdl.addConstrs((e[i] == 0) >> (z[i] >= tR[i]) for i in R)\n",
    "\n",
    "#if a[j] < a[j-1] then g[j] = 0, otherwise g[j] = 1 for even j\n",
    "#g[j] = 0 means starting new route, otherwise completing route\n",
    "#mdl.addConstrs(a[j-1] - a[j] <= (M/vT)*g[j] for j in eV)\n",
    "mdl.addConstrs((g[j] == 0) >> (a[j] <= a[j-1]) for j in eV)\n",
    "mdl.addConstrs((g[j] == 1) >> (a[j] >= a[j-1]) for j in eV)\n",
    "\n",
    "#if a[j] > a[j-1] then g[j] = 0, otherwise g[j] = 1 for odd j\n",
    "#g[j] = 0 means starting new route, otherwise completing route\n",
    "#mdl.addConstrs(a[j+1] - a[j] <= (M/vT)*g[j] for j in oV)\n",
    "mdl.addConstrs((g[j] == 0) >> (a[j] <= a[j+1]) for j in oV)\n",
    "mdl.addConstrs((g[j] == 1) >> (a[j] >= a[j+1]) for j in oV)\n",
    "\n",
    "#if g[j] = 0 (ending pending route) and \n",
    "#e[j/2] = 1 (even j), or e[(j+1)/2] = 1 (odd j),\n",
    "#which means (truck time < drone time),\n",
    "#then w[j] = tR[j/2] - z[j/2] for even j\n",
    "#then w[j] = tR[(j+1)/2] - z[(j+1)/2 + 1] for odd j\n",
    "#otherwise w[j] = 0\n",
    "\n",
    "#h[i] is 1 when both are true, false otherwise\n",
    "mdl.addConstrs(h[i] == and_(g[i], e[i/2]) for i in eV)\n",
    "mdl.addConstrs(h[i] == and_(g[i], e[(i+1)/2]) for i in oV)\n",
    "\n",
    "#if h[i] = 0, then w[i] = 0\n",
    "#else, when h[i] = 1, then w[i] = drone time - truck time\n",
    "mdl.addConstrs((h[i] == 0) >> (w[i] == 0) for i in eV)\n",
    "mdl.addConstrs((h[i] == 0) >> (w[i] == 0) for i in oV)\n",
    "mdl.addConstrs((h[i] == 1) >> (w[i] == tR[i/2] - z[i/2]) for i in eV)\n",
    "mdl.addConstrs((h[i] == 1) >> (w[i] == tR[(i+1)/2] - z[(i+1)/2]) for i in oV)\n",
    "\n",
    "#if g[j] = 0, then f[j] = -1 since we are starting a new route, so capacity decreases\n",
    "mdl.addConstrs((g[j] == 0) >> (f[j] == -1) for j in V)\n",
    "#if g[j] = 1, then f[j] = 1 since we are completing old route, so capacity increases\n",
    "mdl.addConstrs((g[j] == 1) >> (f[j] == 1) for j in V)\n",
    "\n",
    "#if edge (i,j) is in solution, then capacity y[j] = y[i] + f[j]\n",
    "mdl.addConstrs((x[i, j] == 1) >> (y[i]+f[j] == y[j]) for i, j in A if j != 0)\n",
    "\n",
    "#0 <= y[j] <= D (# of drones) for all j\n",
    "mdl.addConstrs(y[j] >= 0 for j in V)\n",
    "mdl.addConstrs(y[j] <= D for j in V)\n",
    "\n",
    "#set drone availability at node 0 (depot) to be D\n",
    "y[0].lb = D\n",
    "y[0].ub = D"
   ]
  },
  {
   "cell_type": "code",
   "execution_count": 59,
   "metadata": {},
   "outputs": [
    {
     "name": "stdout",
     "output_type": "stream",
     "text": [
      "Changed value of parameter MIPGap to 0.05\n",
      "   Prev: 0.0001  Min: 0.0  Max: inf  Default: 0.0001\n",
      "Changed value of parameter Method to 5\n",
      "   Prev: -1  Min: -1  Max: 5  Default: -1\n",
      "Changed value of parameter TimeLimit to 60.0\n",
      "   Prev: inf  Min: 0.0  Max: inf  Default: inf\n"
     ]
    }
   ],
   "source": [
    "mdl.Params.MIPGap = 0.05\n",
    "mdl.params.Method = 5\n",
    "mdl.Params.TimeLimit = 60  # seconds\n",
    "#mdl.params.ImproveStartTime = 10 #seconds\n",
    "#mdl.params.ImproveStartNodes = 1 #nodes\n",
    "mdl.params.MIPFocus = 1"
   ]
  },
  {
   "cell_type": "code",
   "execution_count": 60,
   "metadata": {},
   "outputs": [
    {
     "name": "stdout",
     "output_type": "stream",
     "text": [
      "Gurobi Optimizer version 9.0.2 build v9.0.2rc0 (mac64)\n",
      "Optimize a model with 92 rows, 572 columns and 910 nonzeros\n",
      "Model fingerprint: 0x0f25a61a\n",
      "Model has 970 general constraints\n",
      "Variable types: 61 continuous, 511 integer (470 binary)\n",
      "Coefficient statistics:\n",
      "  Matrix range     [1e+00, 1e+00]\n",
      "  Objective range  [3e-01, 1e+02]\n",
      "  Bounds range     [1e+00, 3e+03]\n",
      "  RHS range        [1e+00, 3e+00]\n",
      "Presolve added 1350 rows and 438 columns\n",
      "Presolve time: 0.06s\n",
      "Presolved: 1442 rows, 1010 columns, 6830 nonzeros\n",
      "Presolved model has 440 SOS constraint(s)\n",
      "Variable types: 500 continuous, 510 integer (490 binary)\n",
      "\n",
      "Deterministic concurrent LP optimizer: primal and dual simplex\n",
      "Showing first log only...\n",
      "\n",
      "Concurrent spin time: 0.00s\n",
      "\n",
      "Solved with dual simplex\n",
      "\n",
      "Root relaxation: objective 1.397243e+02, 55 iterations, 0.01 seconds\n",
      "\n",
      "    Nodes    |    Current Node    |     Objective Bounds      |     Work\n",
      " Expl Unexpl |  Obj  Depth IntInf | Incumbent    BestBd   Gap | It/Node Time\n",
      "\n",
      "     0     0  139.72430    0   39          -  139.72430      -     -    0s\n",
      "     0     0  139.72430    0   48          -  139.72430      -     -    0s\n",
      "     0     0  139.72430    0   48          -  139.72430      -     -    0s\n",
      "     0     0  139.72430    0   41          -  139.72430      -     -    0s\n",
      "     0     0  139.72430    0   42          -  139.72430      -     -    0s\n",
      "     0     0  139.72430    0   41          -  139.72430      -     -    0s\n",
      "     0     0  139.72430    0   41          -  139.72430      -     -    0s\n",
      "     0     2  139.72430    0   41          -  139.72430      -     -    0s\n",
      " 19818 14453  449.43707   93   30          -  147.07821      -   6.9    5s\n",
      " 46905 34709  153.01791   26   24          -  148.20958      -   7.6   10s\n",
      " 72065 52634  256.63538   55   32          -  148.77527      -   8.2   15s\n",
      " 98286 71887  269.24416   81   32          -  151.25014      -   8.4   20s\n",
      " 124670 91464 infeasible   77               -  151.60369      -   8.6   25s\n",
      " 149785 109408  180.12626   35   27          -  151.60369      -   8.6   30s\n",
      " 176651 128214  259.36677   42   30          -  151.60369      -   8.7   35s\n",
      " 199219 145014  323.53225   37   31          -  151.81583      -   8.8   40s\n",
      " 226170 163899  219.20310   39   37          -  152.16938      -   8.8   45s\n",
      " 251039 181404  315.93531   52   19          -  152.45222      -   8.9   50s\n",
      " 275563 198834  186.35799   74   39          -  152.73506      -   8.9   55s\n",
      " 297705 213325  168.85710   34   30          -  153.01791      -   8.9   60s\n",
      "\n",
      "Cutting planes:\n",
      "  Gomory: 3\n",
      "  Implied bound: 2\n",
      "  Flow cover: 6\n",
      "\n",
      "Explored 298737 nodes (2671459 simplex iterations) in 60.02 seconds\n",
      "Thread count was 8 (of 8 available processors)\n",
      "\n",
      "Solution count 0\n",
      "\n",
      "Time limit reached\n",
      "Best objective -, best bound 1.530179074488e+02, gap -\n",
      "\n",
      "VARIABLE MEANINGS:\n",
      "x[i,j] is presence of edge in solution\n",
      "a[i] is DEPARTURE time at node i\n",
      "w[i] is waiting time at node i\n",
      "h[i] is 1 if node i is collection node and if truck time < drone time\n",
      "b[i] is signed truck travel time between endpoints of route i\n",
      "z[i] is absolute truck travel time between endpoints of route i\n",
      "e[i] is 1 if truck travel time z[i] on route i is less than drone travel time on route i, 0 otherwise\n",
      "d[i] equals z[i] if e[i] is 1, tR[i] otherwise\n",
      "f[i] equals -1 if starting new route at node i, 1 if completing old route at node i\n",
      "g[i] equals 0 if truck arrives at node i before other endpoint of route, 1 otherwise.\n",
      "y[i] is the number of available vehicles after node i\n",
      "--------\n",
      "\n",
      "coords: 0 265 71 9 548 57 32 731 12 69 217 54 680 281 622 641 475 166 914 736 378 \n",
      "\n",
      "drone route times: {1: 80.49523770020626, 2: 92.38443076400102, 3: 55.44483055538243, 4: 136.8631620347989, 5: 129.44278063137924, 6: 67.8202842531831, 7: 78.26684238930132, 8: 48.8919810260638, 9: 76.63719573137972, 10: 110.30836308247187} \n",
      "\n",
      "0 37.47665940288702 10.040916292848975 1.2727922061357855 77.49890321804561 8.061017305526642 4.525483399593904 103.37901140947324 1.6970562748477138 9.758073580374356 30.68843430349616 7.636753236814714 96.16652224137047 39.73940110268397 87.96408357960652 90.65108934811539 67.17514421272202 23.475945135393378 129.25911960090087 104.08611819065979 53.457272657702994\n",
      "37.47665940288702 0 27.435743110038043 36.20386719675123 40.02224381515859 29.415642097360376 32.951176003293114 65.90235200658623 35.779603128039305 27.718585822512665 6.788225099390855 29.839906166072307 58.68986283848344 2.262741699796952 50.48742417671949 53.17442994522837 29.698484809834998 14.00071426749364 91.78246019801387 66.60945878777278 15.980613254815974\n",
      "10.040916292848975 27.435743110038043 0 8.76812408671319 67.45798692519664 1.9798989873223332 5.5154328932550705 93.33809511662427 8.343860018001262 0.282842712474619 20.647518010647186 2.4041630560342613 86.1256059485215 29.698484809834998 77.92316728675755 80.61017305526642 57.134227919873034 13.435028842544403 119.21820330805193 94.04520189781081 43.41635636485402\n",
      "1.2727922061357855 36.20386719675123 8.76812408671319 0 76.22611101190982 6.788225099390855 3.2526911934581184 102.10621920333746 0.42426406871192845 8.485281374238571 29.415642097360376 6.363961030678928 94.89373003523468 38.46660889654818 86.69129137347072 89.37829714197962 65.90235200658623 22.20315292925759 127.98632739476511 102.813325984524 52.18448045156721\n",
      "77.49890321804561 40.02224381515859 67.45798692519664 76.22611101190982 0 69.43788591251896 72.9734198184517 25.880108191427638 75.80184694319789 67.74082963767125 46.810468914549446 69.86214998123089 18.667619023324853 37.759502115361634 10.465180361560904 13.152186130069785 10.323759005323593 54.02295808265224 51.760216382855276 26.587214972614184 24.041630560342618\n",
      "8.061017305526642 29.415642097360376 1.9798989873223332 6.788225099390855 69.43788591251896 0 3.5355339059327378 95.3179941039466 6.363961030678928 1.6970562748477138 22.627416997969522 0.42426406871192845 88.10550493584381 31.67838379715733 79.90306627407986 82.59007204258874 59.11412690719537 15.414927829866736 121.19810229537424 96.02510088513316 45.396255352176354\n",
      "4.525483399593904 32.951176003293114 5.5154328932550705 3.2526911934581184 72.9734198184517 3.5355339059327378 0 98.85352800987934 2.8284271247461903 5.232590180780452 26.16295090390226 3.111269837220809 91.64103884177656 35.21391770309007 83.43860018001261 86.1256059485215 62.64966081312811 18.950461735799472 124.733636201307 99.5606347910659 48.931789258109085\n",
      "103.37901140947324 65.90235200658623 93.33809511662427 102.10621920333746 25.880108191427638 95.3179941039466 98.85352800987934 0 101.68195513462554 93.62093782909889 72.69057710597708 95.74225817265854 7.212489168102785 63.63961030678928 15.414927829866736 12.727922061357855 36.20386719675123 79.90306627407986 25.880108191427638 0.7071067811865476 49.921738751770256\n",
      "1.6970562748477138 35.779603128039305 8.343860018001262 0.42426406871192845 75.80184694319789 6.363961030678928 2.8284271247461903 101.68195513462554 0 8.061017305526642 28.991378028648448 5.939696961966999 94.46946596652275 38.04234482783626 86.2670273047588 88.95403307326768 65.47808793787429 21.778888860545663 127.56206332605318 102.38906191581208 51.760216382855276\n",
      "9.758073580374356 27.718585822512665 0.282842712474619 8.485281374238571 67.74082963767125 1.6970562748477138 5.232590180780452 93.62093782909889 8.061017305526642 0 20.930360723121808 2.121320343559643 86.40844866099611 29.981327522309613 78.20600999923215 80.89301576774105 57.41707063234766 13.717871555019022 119.50104602052654 94.32804461028545 43.699199077328636\n",
      "30.68843430349616 6.788225099390855 20.647518010647186 29.415642097360376 46.810468914549446 22.627416997969522 26.16295090390226 72.69057710597708 28.991378028648448 20.930360723121808 0 23.05168106668145 65.47808793787429 9.050966799187808 57.27564927611034 59.962655044619225 36.48670990922585 7.212489168102785 98.57068529740472 73.39768388716364 22.768838354206828\n",
      "7.636753236814714 29.839906166072307 2.4041630560342613 6.363961030678928 69.86214998123089 0.42426406871192845 3.111269837220809 95.74225817265854 5.939696961966999 2.121320343559643 23.05168106668145 0 88.52976900455575 32.10264786586926 80.3273303427918 83.01433611130068 59.538390975907305 15.839191898578665 121.62236636408618 96.44936495384508 45.82051942088828\n",
      "96.16652224137047 58.68986283848344 86.1256059485215 94.89373003523468 18.667619023324853 88.10550493584381 91.64103884177656 7.212489168102785 94.46946596652275 86.40844866099611 65.47808793787429 88.52976900455575 0 56.427121138686495 8.202438661763951 5.5154328932550705 28.991378028648448 72.69057710597708 33.09259735953042 7.919595949289333 42.70924958366747\n",
      "39.73940110268397 2.262741699796952 29.698484809834998 38.46660889654818 37.759502115361634 31.67838379715733 35.21391770309007 63.63961030678928 38.04234482783626 29.981327522309613 9.050966799187808 32.10264786586926 56.427121138686495 0 48.22468247692254 50.91168824543142 27.435743110038043 16.263455967290593 89.51971849821692 64.34671708797582 13.717871555019022\n",
      "87.96408357960652 50.48742417671949 77.92316728675755 86.69129137347072 10.465180361560904 79.90306627407986 83.43860018001261 15.414927829866736 86.2670273047588 78.20600999923215 57.27564927611034 80.3273303427918 8.202438661763951 48.22468247692254 0 2.6870057685088806 20.7889393668845 64.48813844421313 41.29503602129437 16.122034611053284 34.50681092190352\n",
      "90.65108934811539 53.17442994522837 80.61017305526642 89.37829714197962 13.152186130069785 82.59007204258874 86.1256059485215 12.727922061357855 88.95403307326768 80.89301576774105 59.962655044619225 83.01433611130068 5.5154328932550705 50.91168824543142 2.6870057685088806 0 23.475945135393378 67.17514421272202 38.6080302527855 13.435028842544403 37.1938166904124\n",
      "67.17514421272202 29.698484809834998 57.134227919873034 65.90235200658623 10.323759005323593 59.11412690719537 62.64966081312811 36.20386719675123 65.47808793787429 57.41707063234766 36.48670990922585 59.538390975907305 28.991378028648448 27.435743110038043 20.7889393668845 23.475945135393378 0 43.699199077328636 62.08397538817887 36.910973977937786 13.717871555019022\n",
      "23.475945135393378 14.00071426749364 13.435028842544403 22.20315292925759 54.02295808265224 15.414927829866736 18.950461735799472 79.90306627407986 21.778888860545663 13.717871555019022 7.212489168102785 15.839191898578665 72.69057710597708 16.263455967290593 64.48813844421313 67.17514421272202 43.699199077328636 0 105.7831744655075 80.61017305526642 29.981327522309613\n",
      "129.25911960090087 91.78246019801387 119.21820330805193 127.98632739476511 51.760216382855276 121.19810229537424 124.733636201307 25.880108191427638 127.56206332605318 119.50104602052654 98.57068529740472 121.62236636408618 33.09259735953042 89.51971849821692 41.29503602129437 38.6080302527855 62.08397538817887 105.7831744655075 0 25.173001410241092 75.80184694319789\n",
      "104.08611819065979 66.60945878777278 94.04520189781081 102.813325984524 26.587214972614184 96.02510088513316 99.5606347910659 0.7071067811865476 102.38906191581208 94.32804461028545 73.39768388716364 96.44936495384508 7.919595949289333 64.34671708797582 16.122034611053284 13.435028842544403 36.910973977937786 80.61017305526642 25.173001410241092 0 50.6288455329568\n",
      "53.457272657702994 15.980613254815974 43.41635636485402 52.18448045156721 24.041630560342618 45.396255352176354 48.931789258109085 49.921738751770256 51.760216382855276 43.699199077328636 22.768838354206828 45.82051942088828 42.70924958366747 13.717871555019022 34.50681092190352 37.1938166904124 13.717871555019022 29.981327522309613 75.80184694319789 50.6288455329568 0\n"
     ]
    },
    {
     "ename": "AttributeError",
     "evalue": "Unable to retrieve attribute 'x'",
     "output_type": "error",
     "traceback": [
      "\u001b[0;31m---------------------------------------------------------------------------\u001b[0m",
      "\u001b[0;31mAttributeError\u001b[0m                            Traceback (most recent call last)",
      "\u001b[0;32m<ipython-input-60-741efc7ec261>\u001b[0m in \u001b[0;36m<module>\u001b[0;34m\u001b[0m\n\u001b[1;32m     35\u001b[0m \u001b[0;32mfor\u001b[0m \u001b[0mv\u001b[0m \u001b[0;32min\u001b[0m \u001b[0mmdl\u001b[0m\u001b[0;34m.\u001b[0m\u001b[0mgetVars\u001b[0m\u001b[0;34m(\u001b[0m\u001b[0;34m)\u001b[0m\u001b[0;34m:\u001b[0m\u001b[0;34m\u001b[0m\u001b[0;34m\u001b[0m\u001b[0m\n\u001b[1;32m     36\u001b[0m     \u001b[0;32mif\u001b[0m\u001b[0;34m(\u001b[0m\u001b[0;32mnot\u001b[0m\u001b[0;34m(\u001b[0m\u001b[0;34m\"x\"\u001b[0m \u001b[0;32min\u001b[0m \u001b[0mv\u001b[0m\u001b[0;34m.\u001b[0m\u001b[0mvarName\u001b[0m\u001b[0;34m)\u001b[0m\u001b[0;34m)\u001b[0m\u001b[0;34m:\u001b[0m\u001b[0;34m\u001b[0m\u001b[0;34m\u001b[0m\u001b[0m\n\u001b[0;32m---> 37\u001b[0;31m         \u001b[0mprint\u001b[0m\u001b[0;34m(\u001b[0m\u001b[0;34m'%s %g'\u001b[0m \u001b[0;34m%\u001b[0m \u001b[0;34m(\u001b[0m\u001b[0mv\u001b[0m\u001b[0;34m.\u001b[0m\u001b[0mvarName\u001b[0m\u001b[0;34m,\u001b[0m \u001b[0mv\u001b[0m\u001b[0;34m.\u001b[0m\u001b[0mx\u001b[0m\u001b[0;34m)\u001b[0m\u001b[0;34m)\u001b[0m\u001b[0;34m\u001b[0m\u001b[0;34m\u001b[0m\u001b[0m\n\u001b[0m\u001b[1;32m     38\u001b[0m \u001b[0;34m\u001b[0m\u001b[0m\n\u001b[1;32m     39\u001b[0m \u001b[0mactive_arcs\u001b[0m \u001b[0;34m=\u001b[0m \u001b[0;34m[\u001b[0m\u001b[0ma\u001b[0m \u001b[0;32mfor\u001b[0m \u001b[0ma\u001b[0m \u001b[0;32min\u001b[0m \u001b[0mA\u001b[0m \u001b[0;32mif\u001b[0m \u001b[0mx\u001b[0m\u001b[0;34m[\u001b[0m\u001b[0ma\u001b[0m\u001b[0;34m]\u001b[0m\u001b[0;34m.\u001b[0m\u001b[0mx\u001b[0m \u001b[0;34m>\u001b[0m \u001b[0;36m0.98\u001b[0m\u001b[0;34m]\u001b[0m\u001b[0;34m\u001b[0m\u001b[0;34m\u001b[0m\u001b[0m\n",
      "\u001b[0;32mvar.pxi\u001b[0m in \u001b[0;36mgurobipy.Var.__getattr__\u001b[0;34m()\u001b[0m\n",
      "\u001b[0;32mvar.pxi\u001b[0m in \u001b[0;36mgurobipy.Var.getAttr\u001b[0;34m()\u001b[0m\n",
      "\u001b[0;32mattrutil.pxi\u001b[0m in \u001b[0;36mgurobipy.__getattr\u001b[0;34m()\u001b[0m\n",
      "\u001b[0;31mAttributeError\u001b[0m: Unable to retrieve attribute 'x'"
     ]
    }
   ],
   "source": [
    "mdl.optimize()\n",
    "    \n",
    "print(\"\\nVARIABLE MEANINGS:\")\n",
    "print(\"x[i,j] is presence of edge in solution\")\n",
    "print(\"a[i] is DEPARTURE time at node i\")\n",
    "print(\"w[i] is waiting time at node i\")\n",
    "print(\"h[i] is 1 if node i is collection node and if truck time < drone time\")\n",
    "print(\"b[i] is signed truck travel time between endpoints of route i\")\n",
    "print(\"z[i] is absolute truck travel time between endpoints of route i\")\n",
    "print(\"e[i] is 1 if truck travel time z[i] on route i is less than drone travel time on route i, 0 otherwise\")\n",
    "print(\"d[i] equals z[i] if e[i] is 1, tR[i] otherwise\")\n",
    "print(\"f[i] equals -1 if starting new route at node i, 1 if completing old route at node i\")\n",
    "print(\"g[i] equals 0 if truck arrives at node i before other endpoint of route, 1 otherwise.\")\n",
    "print(\"y[i] is the number of available vehicles after node i\")\n",
    "\n",
    "print(\"--------\\n\")\n",
    "print(\"coords:\", *xc, \"\\n\")\n",
    "print(\"drone route times:\", tR, \"\\n\")\n",
    "#print(c)\n",
    "\n",
    "for i in range(0, n+1):\n",
    "    for j in range(0, n+1):\n",
    "        if(j != n):\n",
    "            if(i != j):\n",
    "                print(c[i,j], end = ' ')\n",
    "            else:\n",
    "                print(0, end = ' ')\n",
    "        else:\n",
    "            if(i != j):\n",
    "                print(c[i,j])\n",
    "            else:\n",
    "                print(0)\n",
    "\n",
    "\n",
    "for v in mdl.getVars():\n",
    "    if(not(\"x\" in v.varName)):\n",
    "        print('%s %g' % (v.varName, v.x))\n",
    "\n",
    "active_arcs = [a for a in A if x[a].x > 0.98]\n",
    "\n",
    "active_arcs = sorted(active_arcs, key=lambda x: x[0])\n",
    "\n",
    "print(active_arcs)\n",
    "\n",
    "visit_order = []\n",
    "route = \"0 -> \"\n",
    "i = 0\n",
    "curr = 0\n",
    "while i < n:\n",
    "    curr = active_arcs[curr][1]\n",
    "    if(curr != 0):\n",
    "        visit_order.append(curr)\n",
    "    route = route + str(curr) + \" -> \"\n",
    "    i += 1\n",
    "route = route + \"0\"\n",
    "\n",
    "print(route)\n",
    "\n",
    "for i in R:\n",
    "    e1 = xc[(2*i)-1]\n",
    "    e2 = xc[(2*i)]\n",
    "    c1x = e1 + (30*i)\n",
    "    c1y = e1 - (30*i)\n",
    "    c2x = e2 + (30*i)\n",
    "    c2y = e2 - (30*i)\n",
    "    plt.plot([e1, c1x], [e1, c1y], c='b', zorder=0)\n",
    "    plt.plot([c1x, c2x], [c1y, c2y], c='b', zorder=0)\n",
    "    plt.plot([c2x, e2], [c2y, e2], c='b', zorder=0)\n",
    "\n",
    "for i, j in active_arcs:\n",
    "    plt.plot([xc[i], xc[j]], [yc[i], yc[j]], c='y', zorder=0)\n",
    "    plt.plot(xc[0], yc[0], c='r', marker='s')\n",
    "    plt.scatter(xc[1:], yc[1:], c = 'w', linewidth = 7)\n",
    "\n",
    "for i in range(len(visit_order)):\n",
    "    dex = visit_order[i]\n",
    "    plt.text(xc[dex],yc[dex],i+1, ha=\"center\", va=\"center\")"
   ]
  },
  {
   "cell_type": "code",
   "execution_count": 12,
   "metadata": {},
   "outputs": [
    {
     "data": {
      "text/plain": [
       "<module 'matplotlib.pyplot' from '/Users/saaketh/.pyenv/versions/3.7.3/lib/python3.7/site-packages/matplotlib/pyplot.py'>"
      ]
     },
     "execution_count": 12,
     "metadata": {},
     "output_type": "execute_result"
    }
   ],
   "source": []
  },
  {
   "cell_type": "code",
   "execution_count": null,
   "metadata": {},
   "outputs": [],
   "source": []
  }
 ],
 "metadata": {
  "kernelspec": {
   "display_name": "Python 3",
   "language": "python",
   "name": "python3"
  },
  "language_info": {
   "codemirror_mode": {
    "name": "ipython",
    "version": 3
   },
   "file_extension": ".py",
   "mimetype": "text/x-python",
   "name": "python",
   "nbconvert_exporter": "python",
   "pygments_lexer": "ipython3",
   "version": "3.7.3"
  }
 },
 "nbformat": 4,
 "nbformat_minor": 4
}
